Generating random integers......
[130 173  76 154  31  96 194 165 150   7  80 176 156 157 142 188 154 173
  12  26 194  29   4 174  82  35   7  85 165  46  90  38  99  40  54  55
  89 199  51  36  56  25 115   1 131  32   9 152 138 107 108   2  85  63
 103 148 142 193  80  52   3  22  72 155  15  31 160 121 191  60  42  49
  67 160  31  86 132  62 116  24 114 138 139 198  11  45 170  92  75  99
  32 186 108 118  60 176  52  50 169  84]
1st time mean:  [117.6, 122.0, 108.7, 100.3, 95.56, 95.9, 94.06, 91.91, 93.71, 94.69]
1st time sd:  [62.9, 61.8, 66.72, 63.95, 62.95, 61.18, 61.92, 60.16, 59.67, 59.22]
2nd time mean:  [117.6, 122.0, 108.7, 100.3, 95.56, 95.9, 94.06, 91.91, 93.71, 94.69]
2nd time sd:  [62.9, 61.8, 66.72, 63.95, 62.95, 61.18, 61.92, 60.16, 59.67, 59.22]
